4294967293,131
4294967293,130
4294967293,129
4294967293,128
4294967293,127
4294967293,126
4294967293,125
4294967293,124
4294967293,123
4294967293,122
4294967293,121
4294967293,120
4294967293,119
4294967293,118
4294967293,117
4294967293,116
4294967293,115
4294967293,114
4294967293,113
4294967293,112
4294967293,111
4294967293,110
4294967293,109
4294967293,108
4294967293,107
4294967293,106
4294967293,105
4294967293,104
4294967293,103
4294967293,102
4294967293,101
4294967293,100
4294967293,99
4294967293,98
4294967293,97
4294967293,96
4294967293,95
4294967293,94
4294967293,93
4294967293,92
4294967293,91
4294967293,90
4294967293,89
4294967293,87
4294967293,86
4294967293,85
4294967293,84
4294967293,83
4294967293,82
4294967293,81
4294967293,80
4294967293,79
4294967293,78
4294967293,77
4294967293,76
4294967293,75
4294967293,74
4294967293,73
4294967293,72
4294967293,71
4294967293,70
4294967293,69
4294967293,68
4294967293,67
4294967293,66
4294967293,65
4294967293,64
4294967293,63
4294967293,62
4294967293,61
4294967293,60
4294967293,59
4294967293,58
4294967293,57
4294967293,56
4294967293,55
4294967293,54
4294967293,53
4294967293,52
4294967293,51
4294967293,50
4294967293,49
4294967293,48
4294967293,47
4294967293,46
4294967293,45
4294967293,44
4294967293,43
4294967293,42
4294967293,41
4294967293,40
4294967293,39
4294967293,38
4294967293,37
4294967293,36
4294967293,35
4294967293,34
4294967293,33
4294967293,32
4294967293,31
4294967293,30
4294967293,29
4294967293,28
4294967293,27
4294967293,26
4294967293,25
4294967293,24
4294967293,23
4294967293,22
4294967293,21
4294967293,20
4294967293,19
4294967293,18
4294967293,17
4294967293,16
4294967293,15
4294967293,14
4294967293,13
4294967293,12
4294967293,11
4294967293,10
4294967293,9
4294967293,8
4294967293,7
4294967293,6
4294967293,5
4294967293,4
4294967293,3
4294967278,88
4294967278,215
4294967278,102
4294967278,338
4294967278,101
4294967278,303
4294967278,100
4294967278,389
4294967278,99
4294967278,337
4294967278,98
4294967278,97
4294967278,302
4294967278,96
4294967278,301
4294967278,95
4294967278,300
4294967278,94
4294967278,386
4294967278,93
4294967278,299
4294967278,92
4294967278,336
4294967278,91
4294967278,335
4294967278,90
4294967278,334
4294967278,89
4294967278,87
4294967278,298
4294967278,86
4294967278,297
4294967278,85
4294967278,296
4294967278,84
4294967278,374
4294967278,83
4294967278,295
4294967278,82
4294967278,373
4294967278,81
4294967278,372
4294967278,80
4294967278,371
4294967278,79
4294967278,333
4294967278,78
4294967278,294
4294967278,77
4294967278,293
4294967278,76
4294967278,292
4294967278,75
4294967278,358
4294967278,74
4294967278,291
4294967278,73
4294967278,357
4294967278,72
4294967278,356
4294967278,71
4294967278,355
4294967278,70
4294967278,354
4294967278,69
4294967278,353
4294967278,68
4294967278,352
4294967278,67
4294967278,332
4294967278,66
4294967278,331
4294967278,65
4294967278,290
4294967278,64
4294967278,330
4294967278,63
4294967278,62
4294967278,329
4294967278,61
4294967278,60
4294967278,384
4294967279,102
4294967279,99
4294967279,86
4294967279,356
4294967279,355
4294967279,301
4294967279,65
4294967279,64
4294967279,63
4294967279,62
4294967279,298
4294967279,88
4294967294,225
4294967294,978
4294967294,1409
4294967294,1408
4294967294,1354
4294967294,1353
4294967294,1352
4294967294,1349
4294967294,1350
4294967294,1348
4294967294,1346
4294967294,1345
4294967294,1344
4294967294,255
4294967294,1347
4294967294,253
4294967294,252
4294967294,251
4294967294,250
4294967294,249
4294967294,248
4294967294,247
4294967294,246
4294967294,245
4294967294,244
4294967294,254
4294967294,1716
4294967278,387
4294967294,2568
4294967294,295
4294967294,224
4294967294,974
4294967294,1832
4294967294,1831
4294967294,1830
4294967294,1829
4294967294,1828
4294967294,1827
4294967294,1826
4294967294,1825
4294967294,1677
4294967294,1824
4294967294,1823
4294967294,1822
4294967294,1821
4294967294,1820
4294967294,1819
4294967294,1818
4294967294,1817
4294967294,1816
4294967294,1815
4294967294,1814
4294967294,1813
4294967294,1812
4294967294,1811
4294967294,1810
4294967294,1809
4294967294,1808
4294967294,1807
4294967294,1806
4294967294,1805
4294967294,1804
4294967294,1803
4294967294,1802
4294967294,1801
4294967294,1800
4294967294,1799
4294967294,1798
4294967294,1797
4294967294,1796
4294967294,1795
4294967294,1794
4294967294,1793
4294967294,1792
4294967294,1791
4294967294,1790
4294967294,1789
4294967294,1788
4294967294,1787
4294967294,1786
4294967294,1673
4294967294,1785
4294967294,1784
4294967294,1783
4294967294,1782
4294967294,1781
4294967294,1780
4294967294,1779
4294967294,1778
4294967294,1777
4294967294,2562
4294967294,1776
4294967294,1775
4294967294,1774
4294967294,1773
4294967294,1772
4294967294,215
4294967294,1771
4294967294,1770
4294967294,1769
4294967294,1768
4294967294,1767
4294967294,2565
4294967294,1766
4294967294,691
4294967294,1765
4294967294,1764
4294967294,1763
4294967294,1762
4294967294,1761
4294967294,1760
4294967294,1759
4294967294,1758
4294967294,1757
4294967294,1756
4294967294,1755
4294967294,1754
4294967294,1753
4294967294,1752
4294967294,1751
4294967294,1750
4294967294,1749
4294967294,1748
4294967294,1747
4294967294,1670
4294967294,1746
4294967294,1745
4294967294,1744
4294967294,1743
4294967294,1742
4294967294,1741
4294967294,1740
4294967294,1739
4294967294,1738
4294967294,1737
4294967294,1736
4294967294,1735
4294967294,1734
4294967294,1733
4294967294,1732
4294967294,1731
4294967294,1730
4294967294,1729
4294967294,1728
4294967294,1663
4294967294,1662
4294967294,1661
4294967294,1660
4294967294,1659
4294967294,1658
4294967294,1657
4294967294,1656
4294967294,1655
4294967294,1654
4294967294,1653
4294967294,1652
4294967294,1651
4294967294,1650
4294967294,1649
4294967294,1648
4294967294,1647
4294967294,1645
4294967294,1644
4294967294,1666
4294967294,1642
4294967294,1641
4294967294,1640
4294967294,1639
4294967294,1638
4294967294,1637
4294967294,1636
4294967294,1635
4294967294,1634
4294967294,1633
4294967294,1632
4294967294,1631
4294967294,1630
4294967294,1629
4294967294,1628
4294967294,1627
4294967294,1626
4294967294,1625
4294967294,1624
4294967294,1623
4294967294,1622
4294967294,1621
4294967294,1620
4294967294,1619
4294967294,1618
4294967294,1617
4294967294,1616
4294967294,1675
4294967294,1615
4294967294,1667
4294967294,1614
4294967294,1665
4294967294,1613
4294967294,1612
4294967294,1611
4294967294,1610
4294967294,1609
4294967294,1608
4294967294,1607
4294967294,1606
4294967294,1605
4294967294,1604
4294967294,1603
4294967294,1407
4294967294,1602
4294967294,1601
4294967294,1600
4294967294,1599
4294967294,1598
4294967294,1597
4294967294,1596
4294967294,1595
4294967294,1594
4294967294,1593
4294967294,1592
4294967294,1591
4294967294,1590
4294967294,1589
4294967294,1588
4294967294,1587
4294967294,1586
4294967294,1585
4294967294,1584
4294967294,1583
4294967294,1582
4294967294,1581
4294967294,1580
4294967294,1579
4294967294,1578
4294967294,1577
4294967294,1576
4294967294,1575
4294967294,1574
4294967294,1573
4294967294,1572
4294967294,1402
4294967294,1571
4294967294,1570
4294967294,1569
4294967294,1568
4294967294,960
4294967294,1567
4294967294,1566
4294967294,1565
4294967294,1564
4294967294,2563
4294967294,1563
4294967294,1562
4294967294,1561
4294967294,1558
4294967294,1557
4294967294,1556
4294967294,1555
4294967294,1554
4294967294,1553
4294967294,1552
4294967294,1551
4294967294,1550
4294967294,1549
4294967294,1548
4294967294,1547
4294967294,1546
4294967294,1545
4294967294,1544
4294967294,1543
4294967294,1542
4294967294,1541
4294967294,1540
4294967294,1539
4294967294,1538
4294967294,1400
4294967294,1537
4294967294,1536
4294967294,226
4294967294,1535
4294967294,1534
4294967294,1533
4294967294,1532
4294967294,1531
4294967294,1530
4294967294,1529
4294967294,1528
4294967294,1399
4294967294,1527
4294967294,1526
4294967294,1525
4294967294,1524
4294967294,1523
4294967294,1522
4294967294,1521
4294967294,1520
4294967294,1519
4294967294,1518
4294967294,1517
4294967294,1516
4294967294,1676
4294967294,1515
4294967294,1514
4294967294,1513
4294967294,1512
4294967294,1401
4294967294,1511
4294967294,1510
4294967294,1509
4294967294,1508
4294967294,1507
4294967294,1506
4294967294,1505
4294967294,1504
4294967294,1674
4294967294,1503
4294967294,979
4294967294,1380
4294967294,1502
4294967294,1672
4294967294,1403
4294967294,1501
4294967294,1393
4294967294,1500
4294967294,1499
4294967294,1498
4294967294,1497
4294967294,1496
4294967294,1495
4294967294,1494
4294967294,1493
4294967294,977
4294967294,1492
4294967294,1491
4294967294,1490
4294967294,1489
4294967294,1488
4294967294,1487
4294967294,1669
4294967294,1486
4294967294,1485
4294967294,1484
4294967294,1483
4294967294,1482
4294967294,1481
4294967294,1480
4294967294,1479
4294967294,1478
4294967294,1477
4294967294,1476
4294967294,1398
4294967294,1475
4294967294,1474
4294967294,1473
4294967294,1472
4294967294,1388
4294967294,1387
4294967294,1386
4294967294,1385
4294967294,1384
4294967294,1383
4294967294,1382
4294967294,1381
4294967294,1378
4294967294,1377
4294967294,1376
4294967294,1391
4294967294,1375
4294967294,1374
4294967294,210
4294967294,1373
4294967294,1372
4294967294,1371
4294967294,1370
4294967294,1369
4294967294,1368
4294967294,1367
4294967294,1366
4294967294,1664
4294967294,1394
4294967294,1379
4294967294,1365
4294967294,1389
4294967294,1406
4294967294,1364
4294967294,1363
4294967294,1362
4294967294,1405
4294967294,1361
4294967294,1396
4294967294,1360
4294967294,1359
4294967294,1358
4294967294,1357
4294967294,1356
4294967294,1668
4294967294,1390
4294967294,1355
4294967294,1404
4294967294,1646
4294967294,1392
4294967294,1643
4294967294,1560
4294967294,1397
4294967294,157
4294967294,1559
4294967294,156
4294967294,242
4294967294,241
4294967294,239
4294967294,680
4294967294,681
4294967294,235
4294967294,212
1,3
1,0
4294967294,2560
4294967294,141
4294967294,2255
4294967294,2136
4294967294,2243
4294967294,2130
4294967294,2295
4294967294,2127
4294967294,976
4294967278,385
4294967294,2137
4294967294,2157
4294967294,2165
4294967294,2148
4294967294,2174
4294967294,150
4294967294,1333
4294967294,151
4294967294,1193
4294967294,207
4294967294,263
4294967294,222
4294967294,262
4294967294,2115
4294967294,690
4294967294,286
4294967294,1351
4294967294,234
4294967294,1294
4294967294,2120
4294967294,260
4294967278,383
4294967278,382
4294967294,1330
4294967294,205
4294967294,211
4294967294,257
4294967294,209
4294967294,195
4294967294,1343
4294967294,200
4294967294,202
4294967294,197
4294967294,194
4294967294,196
4294967294,192
4294967294,206
4294967294,258
4294967294,259
4294967294,256
4294967294,203
4294967294,204
4294967294,1329
4294967294,1335
4294967294,1325
4294967294,1331
4294967294,1328
4294967294,1324
4294967294,1337
4294967294,1317
4294967294,1318
4294967294,1321
4294967294,1174
4294967294,1316
4294967294,436
4294967294,1313
4294967294,393
4294967294,1312
4294967294,1190
4294967294,1191
4294967294,1342
4294967294,1323
4294967294,129
4294967294,1214
4294967294,1213
4294967294,232
4294967294,154
4294967294,1009
4294967294,94
4294967294,1710
4294967294,1184
4294967294,1185
4294967294,685
4294967294,124
4294967294,123
4294967294,370
4294967294,369
4294967294,368
4294967294,367
4294967294,366
4294967294,364
4294967294,365
4294967294,363
4294967294,362
4294967294,361
4294967294,360
4294967294,359
4294967294,358
4294967294,357
4294967294,356
4294967294,355
4294967294,354
4294967294,353
4294967294,352
4294967294,351
4294967294,350
4294967294,349
4294967294,347
4294967294,348
4294967294,329
4294967294,328
4294967294,327
4294967294,326
4294967294,325
4294967294,324
4294967294,323
4294967294,322
4294967294,321
4294967294,320
4294967294,346
4294967294,345
4294967294,344
4294967294,343
4294967294,342
4294967294,340
4294967294,341
4294967294,339
4294967294,338
4294967294,337
4294967294,336
4294967294,335
4294967294,334
4294967294,333
4294967294,332
4294967294,331
4294967294,330
4294967294,1206
4294967294,279
4294967294,280
4294967294,679
4294967294,678
4294967294,2270
4294967294,670
4294967294,686
4294967294,674
4294967294,2292
4294967294,2290
4294967294,2289
4294967294,2288
4294967294,2247
4294967294,682
4294967294,677
4294967294,2272
4294967294,2252
4294967294,1024
4294967294,1293
4294967279,214
4294967279,345
4294967278,381
4294967278,380
4294967278,379
4294967278,378
4294967278,377
4294967278,362
4294967278,272
4294967278,376
4294967278,271
4294967279,372
