4294967278,132
4294967278,131
4294967278,130
4294967278,125
4294967278,124
4294967278,119
4294967278,118
4294967278,113
4294967278,112
4294967278,111
4294967278,107
4294967278,105
4294967278,101
4294967278,99
4294967278,98
4294967278,95
4294967278,92
4294967278,85
4294967278,79
4294967278,72
4294967279,80
4294967279,73
4294967279,67
4294967279,61
4294967279,53
4294967279,49
4294967279,48
4294967279,41
4294967279,36
4294967279,30
4294967279,29
4294967279,28
4294967279,25
4294967279,24
4294967279,23
4294967279,22
4294967279,20
4294967279,19
4294967279,16
4294967279,15
4294967279,14
4294967279,13
4294967279,10
4294967279,9
4294967279,8
4294967279,7
4294967279,6
4294967279,5
4294967279,4
7,5
7,4
4,4
4,5
4294967293,131
4294967293,130
4294967293,129
4294967293,128
4294967293,127
4294967293,126
4294967293,125
4294967293,124
4294967293,123
4294967293,122
4294967293,121
4294967293,120
4294967293,119
4294967293,118
4294967293,117
4294967293,116
4294967293,115
4294967293,114
4294967293,113
4294967293,112
4294967293,111
4294967293,110
4294967293,109
4294967293,108
4294967293,107
4294967293,106
4294967293,105
4294967293,104
4294967293,103
4294967293,102
4294967293,101
4294967293,100
4294967293,99
4294967293,98
4294967293,97
4294967293,96
4294967293,95
4294967293,94
4294967293,93
4294967293,92
4294967293,91
4294967293,90
4294967293,89
4294967293,87
4294967293,86
4294967293,85
4294967293,84
4294967293,83
4294967293,82
4294967293,81
4294967293,80
4294967293,79
4294967293,78
4294967293,77
4294967293,76
4294967293,75
4294967293,74
4294967293,73
4294967293,72
4294967293,71
4294967293,70
4294967293,69
4294967293,68
4294967293,67
4294967293,66
4294967293,65
4294967293,64
4294967293,63
4294967293,62
4294967293,61
4294967293,60
4294967293,59
4294967293,58
4294967293,57
4294967293,56
4294967293,55
4294967293,54
4294967293,53
4294967293,52
4294967293,51
4294967293,50
4294967293,49
4294967293,48
4294967293,47
4294967293,46
4294967293,45
4294967293,44
4294967293,43
4294967293,42
4294967293,41
4294967293,40
4294967293,39
4294967293,38
4294967293,37
4294967293,36
4294967293,35
4294967293,34
4294967293,33
4294967293,32
4294967293,31
4294967293,30
4294967293,29
4294967293,28
4294967293,27
4294967293,26
4294967293,25
4294967293,24
4294967293,23
4294967293,22
4294967293,21
4294967293,20
4294967293,19
4294967293,18
4294967293,17
4294967293,16
4294967293,15
4294967293,14
4294967293,13
4294967293,12
4294967293,11
4294967293,10
4294967293,9
4294967293,8
4294967293,7
4294967293,6
4294967293,5
4294967293,4
4294967293,3
4294967278,129
4294967278,128
4294967278,481
4294967278,127
4294967278,255
4294967278,126
4294967278,408
4294967278,121
4294967278,407
4294967278,120
4294967278,239
4294967278,115
4294967278,346
4294967278,114
4294967278,474
4294967278,229
4294967278,109
4294967278,480
4294967278,227
4294967278,108
4294967278,106
4294967278,223
4294967278,217
4294967278,103
4294967278,215
4294967278,102
4294967278,413
4294967278,343
4294967278,100
4294967278,340
4294967278,97
4294967278,339
4294967278,96
4294967278,338
4294967278,412
4294967278,94
4294967278,467
4294967278,93
4294967278,334
4294967278,91
4294967278,333
4294967278,90
4294967278,331
4294967278,87
4294967278,485
4294967278,330
4294967278,86
4294967278,84
4294967278,327
4294967278,83
4294967278,484
4294967278,81
4294967278,324
4294967278,80
4294967278,322
4294967278,78
4294967278,321
4294967278,77
4294967278,317
4294967278,73
4294967278,315
4294967278,71
4294967278,314
4294967278,70
4294967278,69
4294967278,411
4294967278,67
4294967278,471
4294967278,66
4294967278,65
4294967278,64
4294967278,63
4294967278,462
4294967278,452
4294967278,478
4294967278,37
4294967278,36
4294967278,35
4294967278,34
4294967278,33
4294967278,32
4294967278,31
4294967278,30
4294967278,29
4294967278,28
4294967278,27
4294967278,26
4294967278,25
4294967278,24
4294967278,23
4294967278,458
4294967278,22
4294967278,21
4294967278,20
4294967278,19
4294967278,18
4294967278,456
4294967278,17
4294967278,16
4294967278,15
4294967278,476
4294967278,14
4294967278,13
4294967278,12
4294967278,451
4294967278,11
4294967278,450
4294967278,10
4294967278,9
4294967278,8
4294967278,475
4294967278,7
4294967278,6
4294967278,174
4294967278,88
4294967278,0
4294967278,482
4294967278,354
4294967278,5
4294967278,449
4294967278,4
4294967279,132
4294967279,131
4294967279,130
4294967279,129
4294967279,128
4294967279,127
4294967279,126
4294967279,125
4294967279,124
4294967279,123
4294967279,122
4294967279,121
4294967279,120
4294967279,119
4294967279,118
4294967279,117
4294967279,444
4294967279,116
4294967279,443
4294967279,115
4294967279,114
4294967279,113
4294967279,112
4294967279,111
4294967279,110
4294967279,442
4294967279,228
4294967279,109
4294967279,108
4294967279,224
4294967279,107
4294967279,106
4294967279,105
4294967279,104
4294967279,174
4294967279,103
4294967279,102
4294967279,101
4294967279,100
4294967279,99
4294967279,98
4294967279,97
4294967279,96
4294967279,95
4294967279,94
4294967279,93
4294967279,92
4294967279,91
4294967279,332
4294967279,90
4294967279,331
4294967279,89
4294967279,87
4294967279,86
4294967279,85
4294967279,84
4294967279,83
4294967279,82
4294967279,81
4294967279,322
4294967279,79
4294967279,78
4294967279,320
4294967279,77
4294967279,76
4294967279,74
4294967279,72
4294967279,71
4294967279,70
4294967279,68
4294967279,65
4294967279,441
4294967279,307
4294967279,59
4294967279,404
4294967279,46
4294967279,45
4294967279,378
4294967279,293
4294967279,415
4294967279,414
4294967279,35
4294967279,32
4294967279,367
4294967279,27
4294967279,435
4294967279,26
4294967279,21
4294967279,88
4294967279,2
4294967279,0
4294967279,353
3,4
0,5
4294967294,7
4294967294,1002
4294967294,1149
4294967294,1138
4294967294,5
4294967294,1156
4294967294,2434
4294967294,2453
4294967294,2128
4294967294,978
4294967294,1243
4294967294,1207
4294967294,2441
4294967294,699
4294967294,1248
4294967294,1235
4294967294,2145
4294967294,2454
4294967294,2455
4294967294,670
4294967294,2456
4294967294,1865
4294967294,1864
4294967294,1863
4294967294,1862
4294967294,1105
4294967294,24
4294967294,2609
4294967294,2608
4294967294,2607
4294967294,2606
4294967294,2605
4294967294,2603
4294967294,2604
4294967294,2602
4294967294,2601
4294967294,2600
4294967294,2599
4294967294,2598
4294967294,2597
4294967294,2596
4294967294,2595
4294967294,2594
4294967294,2593
4294967294,517
4294967294,1832
4294967294,1831
4294967294,1104
4294967294,1830
4294967294,1829
4294967294,1828
4294967294,1827
4294967294,1165
4294967294,1162
4294967294,1160
4294967294,2
4294967294,1826
4294967294,1825
4294967294,43
4294967294,1209
4294967294,1181
4294967294,1171
1,3
4294967294,1675
1,0
4294967294,1824
4294967294,1823
4294967294,1100
4294967294,1822
4294967294,1
4294967294,1821
4294967294,1179
4294967294,0
4294967294,702
4294967294,1103
4294967294,1102
4294967294,1101
4294967279,392
4294967278,453
4294967279,417
4294967278,477
4294967279,372
4294967278,137
4294967279,361
4294967279,426
4294967279,391
4294967279,424
4294967279,346
4294967279,232
4294967279,226
4294967279,214
4294967279,410
4294967279,338
4294967279,333
4294967279,330
4294967278,473
4294967278,472
4294967278,454
4294967279,419
4294967278,466
4294967279,418
4294967279,440
4294967279,406
4294967278,479
4294967279,439
4294967278,460
4294967278,459
4294967279,438
4294967279,416
4294967279,437
4294967279,436
4294967279,403
4294967294,1820
4294967294,1819
4294967294,1818
4294967294,1817
4294967294,1816
4294967294,1815
4294967294,1814
4294967294,1813
4294967294,1812
4294967294,1811
4294967294,1810
4294967294,1809
4294967294,1808
4294967294,1807
4294967294,1806
4294967294,1805
4294967294,1804
4294967294,1803
4294967294,1802
4294967294,1801
4294967294,1800
4294967294,1799
4294967294,1798
4294967294,1797
4294967294,1796
4294967294,1795
4294967294,1794
4294967294,1793
4294967294,1792
4294967294,1791
4294967294,1790
4294967294,1789
4294967294,1788
4294967294,1787
4294967294,1786
4294967294,1671
4294967294,1785
4294967294,1784
4294967294,1783
4294967294,1782
4294967294,1781
4294967294,1780
4294967294,1779
4294967294,1778
4294967294,1777
4294967294,1776
4294967294,1775
4294967294,1774
4294967294,1773
4294967294,1772
4294967294,1771
4294967294,1770
4294967294,1769
4294967294,1768
4294967294,1767
4294967294,1766
4294967294,692
4294967294,1765
4294967294,1764
4294967294,1763
4294967294,1762
4294967294,1761
4294967294,1760
4294967294,1759
4294967294,1758
4294967294,1757
4294967294,1756
4294967294,1755
4294967294,1754
4294967294,1753
4294967294,1752
4294967294,1751
4294967294,1750
4294967294,1749
4294967294,1835
4294967294,1834
4294967294,1833
4294967294,1748
4294967294,2431
4294967294,1746
4294967294,1745
4294967294,1744
4294967294,1743
4294967294,1742
4294967294,1741
4294967294,1740
4294967294,1739
4294967294,1738
4294967294,1737
4294967294,1736
4294967294,1735
4294967294,1734
4294967294,1733
4294967294,1732
4294967294,1731
4294967294,1730
4294967294,1729
4294967294,1728
4294967294,1663
4294967294,1662
4294967294,1661
4294967294,1660
4294967294,1659
4294967294,1658
4294967294,1657
4294967294,1656
